period	export    	import    	trade      	export.1000	export.log
2000.01	12162425 	12594623 	-432198 	12162 	4 
2000.02	12676042 	12023652 	652390 	12676 	4 
2000.03	14429703 	14212011 	217692 	14430 	4 
2000.04	13522040 	13344532 	177508 	13522 	4 
2000.05	14636755 	13283356 	1353399 	14637 	4 
2000.06	15250940 	13177511 	2073428 	15251 	4 
2000.07	14455656 	13671876 	783780 	14456 	4 
2000.08	14786880 	13441139 	1345741 	14787 	4 
2000.09	15133379 	13291803 	1841577 	15133 	4 
2000.1	15248068 	14104212 	1143855 	15248 	4 
2000.11	14989068 	14160418 	828650 	14989 	4 
2000.12	14976555 	13175885 	1800670 	14977 	4 
2001.01	12644929 	12431023 	213906 	12645 	4 
2001.02	13354074 	12732258 	621816 	13354 	4 
2001.03	14124891 	12951886 	1173005 	14125 	4 
2001.04	12121110 	11212192 	908918 	12121 	4 
2001.05	13306959 	11554834 	1752125 	13307 	4 
2001.06	12931941 	11718966 	1212975 	12932 	4 
2001.07	11392257 	11107564 	284693 	11392 	4 
2001.08	11766192 	11337826 	428366 	11766 	4 
2001.09	12447324 	11709659 	737665 	12447 	4 
2001.1	12086028 	11506884 	579144 	12086 	4 
2001.11	12348967 	11532771 	816196 	12349 	4 
2001.12	11914472 	11301958 	612514 	11914 	4 
2002.01	11381879 	11326430 	55450 	11382 	4 
2002.02	11023037 	10471161 	551875 	11023 	4 
2002.03	13251323 	11990097 	1261226 	13251 	4 
2002.04	13184534 	12559696 	624838 	13185 	4 
2002.05	14173177 	12698101 	1475075 	14173 	4 
2002.06	12894088 	11934221 	959867 	12894 	4 
2002.07	13395179 	13031773 	363406 	13395 	4 
2002.08	13959110 	12860751 	1098359 	13959 	4 
2002.09	13900763 	12991557 	909207 	13901 	4 
2002.1	15084659 	13817061 	1267597 	15085 	4 
2002.11	15196561 	13993431 	1203131 	15197 	4 
2002.12	15026217 	14451874 	574343 	15026 	4 
2003.01	14319931 	14494967 	-175036 	14320 	4 
2003.02	13337145 	13858274 	-521129 	13337 	4 
2003.03	15378850 	15870217 	-491367 	15379 	4 
2003.04	15720592 	14758747 	961845 	15721 	4 
2003.05	14676092 	13523642 	1152450 	14676 	4 
2003.06	15656327 	13428141 	2228186 	15656 	4 
2003.07	15431714 	14898003 	533711 	15432 	4 
2003.08	15375268 	13541360 	1833909 	15375 	4 
2003.09	17021082 	14531444 	2489639 	17021 	4 
2003.1	18929665 	16536628 	2393037 	18930 	4 
2003.11	18242088 	15760750 	2481338 	18242 	4 
2003.12	19728688 	17624485 	2104203 	19729 	4 
2004.01	18987120 	16208879 	2778241 	18987 	4 
2004.02	19136968 	17468564 	1668403 	19137 	4 
2004.03	21174855 	19120078 	2054777 	21175 	4 
2004.04	21483357 	18829952 	2653405 	21483 	4 
2004.05	20834259 	17895384 	2938875 	20834 	4 
2004.06	21657111 	18544350 	3112761 	21657 	4 
2004.07	21003794 	18390091 	2613703 	21004 	4 
2004.08	19798969 	18124364 	1674604 	19799 	4 
2004.09	20831133 	18193347 	2637786 	20831 	4 
2004.1	22663289 	20408216 	2255073 	22663 	4 
2004.11	23076612 	20311965 	2764647 	23077 	4 
2004.12	23197206 	20967497 	2229709 	23197 	4 
2005.01	22454025 	19450003 	3004023 	22454 	4 
2005.02	20401096 	18396908 	2004188 	20401 	4 
2005.03	23952500 	22779866 	1172634 	23953 	4 
2005.04	22872505 	21244490 	1628014 	22873 	4 
2005.05	23122703 	21161778 	1960925 	23123 	4 
2005.06	23707576 	21288597 	2418979 	23708 	4 
2005.07	23235522 	21508824 	1726698 	23236 	4 
2005.08	23342967 	22000828 	1342138 	23343 	4 
2005.09	24519191 	22718657 	1800534 	24519 	4 
2005.1	25352748 	22652735 	2700013 	25353 	4 
2005.11	25826192 	23849552 	1976641 	25826 	4 
2005.12	25631716 	24186026 	1445691 	25632 	4 
2006.01	23257866 	23089304 	168562 	23258 	4 
2006.02	23786956 	23507780 	279176 	23787 	4 
2006.03	26840145 	25945007 	895139 	26840 	4 
2006.04	25590123 	24485820 	1104303 	25590 	4 
2006.05	27934507 	26210366 	1724141 	27935 	4 
2006.06	27948805 	26023464 	1925341 	27949 	4 
2006.07	25774350 	25549715 	224635 	25774 	4 
2006.08	27287195 	27029461 	257733 	27287 	4 
2006.09	29651247 	27636644 	2014603 	29651 	4 
2006.1	28015959 	25621762 	2394196 	28016 	4 
2006.11	30602313 	26765115 	3837198 	30602 	4 
2006.12	28775383 	27518194 	1257189 	28775 	4 
2007.01	28092561 	27560101 	532459 	28093 	4 
2007.02	26225125 	25406152 	818973 	26225 	4 
2007.03	30385840 	29295460 	1090380 	30386 	4 
2007.04	29944456 	29596882 	347574 	29944 	4 
2007.05	31039901 	29856937 	1182964 	31040 	4 
2007.06	32000109 	28508098 	3492011 	32000 	5 
2007.07	30207444 	29223201 	984243 	30207 	4 
2007.08	30998134 	29642050 	1356085 	30998 	4 
2007.09	29323535 	27193582 	2129953 	29324 	4 
2007.1	34433813 	32741232 	1692581 	34434 	5 
2007.11	35807893 	33926124 	1881769 	35808 	5 
2007.12	33030276 	33895915 	-865639 	33030 	5 
2008.01	32274575 	36318030 	-4043456 	32275 	5 
2008.02	31178190 	32624334 	-1446144 	31178 	4 
2008.03	35991776 	37110561 	-1118785 	35992 	5 
2008.04	37850247 	38260401 	-410154 	37850 	5 
2008.05	39383158 	38704468 	678690 	39383 	5 
2008.06	37258608 	37827931 	-569323 	37259 	5 
2008.07	40961223 	42952491 	-1991267 	40961 	5 
2008.08	36610603 	40420447 	-3809845 	36611 	5 
2008.09	37428303 	39528073 	-2099770 	37428 	5 
2008.1	37111140 	36098774 	1012365 	37111 	5 
2008.11	28841617 	28853646 	-12029 	28842 	4 
2008.12	27117889 	26575580 	542309 	27118 	4 
2009.01	21133405 	24898821 	-3765416 	21133 	4 
2009.02	25397150 	22598094 	2799056 	25397 	4 
2009.03	27890831 	23920622 	3970209 	27891 	4 
2009.04	30326509 	24873845 	5452663 	30327 	4 
2009.05	27823839 	23407033 	4416806 	27824 	4 
2009.06	32210048 	25689293 	6520755 	32210 	5 
2009.07	31908462 	27679764 	4228698 	31908 	5 
2009.08	28949627 	27408191 	1541437 	28950 	4 
2009.09	33922429 	29757140 	4165288 	33922 	5 
2009.1	33970032 	30396532 	3573500 	33970 	5 
2009.11	33991607 	29534690 	4456917 	33992 	5 
2009.12	36009623 	32920497 	3089126 	36010 	5 
2010.01	30735415 	31535995 	-800580 	30735 	4 
2010.02	33039402 	31044126 	1995276 	33039 	5 
2010.03	37308940 	35575754 	1733187 	37309 	5 
2010.04	39301014 	35522367 	3778646 	39301 	5 
2010.05	38887930 	34853570 	4034360 	38888 	5 
2010.06	42049045 	35254773 	6794272 	42049 	5 
2010.07	40423611 	35421718 	5001893 	40424 	5 
2010.08	36480955 	35274964 	1205991 	36481 	5 
2010.09	39410882 	35001780 	4409103 	39411 	5 
2010.1	43340335 	37001095 	6339241 	43340 	5 
2010.11	41260912 	38669304 	2591608 	41261 	5 
2010.12	44145320 	40056714 	4088606 	44145 	5 
2011.01	44465366 	41981323 	2484043 	44465 	5 
2011.02	38467412 	36401588 	2065824 	38467 	5 
2011.03	48052991 	45565952 	2487039 	48053 	5 
2011.04	48536725 	44188522 	4348204 	48537 	5 
2011.05	47331329 	45284932 	2046397 	47331 	5 
2011.06	46736893 	44824772 	1912121 	46737 	5 
2011.07	48950113 	44296129 	4653984 	48950 	5 
2011.08	45792061 	45381680 	410381 	45792 	5 
2011.09	46510965 	45279469 	1231496 	46511 	5 
2011.1	46613480 	42709770 	3903709 	46613 	5 
2011.11	46012595 	43010481 	3002114 	46013 	5 
2011.12	47743725 	45488471 	2255254 	47744 	5 
2012.01	41200358 	43517291 	-2316933 	41200 	5 
2012.02	46316184 	45099984 	1216199 	46316 	5 
2012.03	47329817 	45053406 	2276411 	47330 	5 
2012.04	46094754 	43957176 	2137579 	46095 	5 
2012.05	46872357 	44480339 	2392018 	46872 	5 
2012.06	47162605 	41993629 	5168976 	47163 	5 
2012.07	44667681 	41976900 	2690781 	44668 	5 
2012.08	43045181 	41115675 	1929506 	43045 	5 
2012.09	45412538 	42559535 	2853003 	45413 	5 
2012.1	47087760 	43379893 	3707867 	47088 	5 
2012.11	47805246 	43381537 	4423709 	47805 	5 
2012.12	44875311 	43069109 	1806202 	44875 	5 
2013.01	45673109 	45296942 	376167 	45673 	5 
2013.02	42331837 	40458472 	1873365 	42332 	5 
2013.03	47312704 	43976739 	3335965 	47313 	5 
2013.04	46157925 	43648241 	2509684 	46158 	5 
2013.05	48307560 	42389874 	5917686 	48308 	5 
2013.06	46690983 	40719394 	5971589 	46691 	5 
2013.07	45829521 	43384403 	2445117 	45830 	5 
2013.08	46311341 	41593821 	4717519 	46311 	5 
2013.09	44650486 	41055405 	3595081 	44650 	5 
2013.1	50480484 	45604963 	4875521 	50480 	5 
2013.11	47905028 	43106074 	4798954 	47905 	5 
2013.12	47981456 	44351186 	3630271 	47981 	5 
